crypto3.tkr:
  BetSameGapTrend#4
    auto correlation
      self
        lag   state→past   target→target   state→future
        1 0.09653659720171337 0.9402654510162287 0.41915734286331574
        2 -0.14744906160892995 0.8514546627660703 0.43360090909264715
        3 -0.31611091434887933 0.758821432969487 0.4454457592231706
        4 -0.4026474889675987 0.6658881355848911 0.46127371149380464
        5 -0.4317289233072948 0.5663384957112034 0.46335654792357844
        6 -0.44589034893518187 0.4650364312355 0.4524239761034194
        7 -0.4605643000502027 0.360528895531711 0.3990802130920701
        8 -0.4652859501948133 0.2583234742692766 0.30802817989877923
        9 -0.4537044110191395 0.16297589651513747 0.19178795542037294
        10 -0.41513795767154926 0.08333931849197267 0.07609465163554156
      offset50#mean#BetSameWinRate
        0 0.7552311353177616
        1 0.7273259352174763
        2 0.6734086600503683
        3 0.6126506412386336
        4 0.5473923796368725
        5 0.47025085588597787
        6 0.3859471404051453
        7 0.3001590277544119
        8 0.21761849403926156
        9 0.14114535776513654
        10 0.0797720265070405
      offset50#mean#SamePercentage
        0 0.10645900703861551
        1 0.12628250769443844
        2 0.1368384779028292
        3 0.14082997439365483
        4 0.13802217242535925
        5 0.12429721363690212
        6 0.10169328013685502
        7 0.08026379927240675
        8 0.061377402717129714
        9 0.0445426633772821
        10 0.034275209264040735
      BetSameGapTrend#4
        0 0.35717635901671757
        1 0.41915734286331574
        2 0.43360090909264715
        3 0.4454457592231706
        4 0.46127371149380464
        5 0.46335654792357844
        6 0.4524239761034194
        7 0.3990802130920701
        8 0.30802817989877923
        9 0.19178795542037294
        10 0.07609465163554156
     lag behavior
        1 0.41915734286331574  |  -1 0.09653659720171337
        2 0.43360090909264715  |  -2 -0.14744906160892995
        3 0.4454457592231706  |  -3 -0.31611091434887933
        4 0.46127371149380464  |  -4 -0.4026474889675987
        5 0.46335654792357844  |  -5 -0.4317289233072948
        6 0.4524239761034194  |  -6 -0.44589034893518187
        7 0.3990802130920701  |  -7 -0.4605643000502027
        8 0.30802817989877923  |  -8 -0.4652859501948133
        9 0.19178795542037294  |  -9 -0.4537044110191395
        10 0.07609465163554156  |  -10 -0.41513795767154926
  BetSameGapTrend#8
    auto correlation
      self
        lag   state→past   target→target   state→future
        1 0.3186437374492568 0.9402654510162287 0.5702676992056604
        2 0.10502793930576945 0.8514546627660703 0.5798126168291422
        3 -0.08200040235741349 0.758821432969487 0.5725661108494111
        4 -0.2372698622234476 0.6658881355848911 0.5513310543362727
        5 -0.36938222961557016 0.5663384957112034 0.5069246387481768
        6 -0.4718424508389539 0.4650364312355 0.44691584441802773
        7 -0.5465520794354467 0.360528895531711 0.3674873607835674
        8 -0.5860262836628438 0.2583234742692766 0.27606125044439905
        9 -0.5897218019209628 0.16297589651513747 0.17937131739704
        10 -0.5665337726997532 0.08333931849197267 0.09184081216524421
      offset50#mean#BetSameWinRate
        0 0.7552311353177616
        1 0.7273259352174763
        2 0.6734086600503683
        3 0.6126506412386336
        4 0.5473923796368725
        5 0.47025085588597787
        6 0.3859471404051453
        7 0.3001590277544119
        8 0.21761849403926156
        9 0.14114535776513654
        10 0.0797720265070405
      offset50#mean#SamePercentage
        0 0.10645900703861551
        1 0.12628250769443844
        2 0.1368384779028292
        3 0.14082997439365483
        4 0.13802217242535925
        5 0.12429721363690212
        6 0.10169328013685502
        7 0.08026379927240675
        8 0.061377402717129714
        9 0.0445426633772821
        10 0.034275209264040735
      BetSameGapTrend#8
        0 0.5204906224278129
        1 0.5702676992056604
        2 0.5798126168291422
        3 0.5725661108494111
        4 0.5513310543362727
        5 0.5069246387481768
        6 0.44691584441802773
        7 0.3674873607835674
        8 0.27606125044439905
        9 0.17937131739704
        10 0.09184081216524421
     lag behavior
        1 0.5702676992056604  |  -1 0.3186437374492568
        2 0.5798126168291422  |  -2 0.10502793930576945
        3 0.5725661108494111  |  -3 -0.08200040235741349
        4 0.5513310543362727  |  -4 -0.2372698622234476
        5 0.5069246387481768  |  -5 -0.36938222961557016
        6 0.44691584441802773  |  -6 -0.4718424508389539
        7 0.3674873607835674  |  -7 -0.5465520794354467
        8 0.27606125044439905  |  -8 -0.5860262836628438
        9 0.17937131739704  |  -9 -0.5897218019209628
        10 0.09184081216524421  |  -10 -0.5665337726997532
crypto_RandomSD.tkr:
  BetSameGapTrend#4
    auto correlation
      self
        lag   state→past   target→target   state→future
        1 0.10117580612071532 0.9321408994344891 0.43634566375866624
        2 -0.15969342653978966 0.831093262073165 0.44466526743349216
        3 -0.33338467279547385 0.7306356197829905 0.4589601495835036
        4 -0.4177260847306166 0.6317568057929484 0.4831007761011539
        5 -0.4439277585691439 0.524590418749206 0.49536279779731773
        6 -0.46219428729328343 0.41250493272065564 0.4930689059770054
        7 -0.4824692791600009 0.2963898781174398 0.4494599518071881
        8 -0.5001885294816006 0.17745372789695874 0.357785910133878
        9 -0.5000831631836314 0.06408623930419813 0.23371397505799826
        10 -0.46533168763443133 -0.03104443545895541 0.10573667797760508
      offset50#mean#BetSameWinRate
        0 0.71240714649449
        1 0.6750635817115406
        2 0.6102920385875246
        3 0.5438209759715457
        4 0.47528649913817345
        5 0.40224251493605506
        6 0.3284473595635459
        7 0.2585689431338706
        8 0.18772622633963423
        9 0.11946008784980724
        10 0.06065748576004846
      offset50#mean#SamePercentage
        0 0.03465757370477166
        1 0.0479757704628557
        2 0.054810695668224614
        3 0.05861150935086111
        4 0.05790887985821443
        5 0.058655040447372575
        6 0.06315077825754031
        7 0.0771045748755996
        8 0.09283975086965748
        9 0.107020839731268
        10 0.11688996777338653
      BetSameGapTrend#4
        0 0.3768908110576834
        1 0.43634566375866624
        2 0.44466526743349216
        3 0.4589601495835036
        4 0.4831007761011539
        5 0.49536279779731773
        6 0.4930689059770054
        7 0.4494599518071881
        8 0.357785910133878
        9 0.23371397505799826
        10 0.10573667797760508
     lag behavior
        1 0.43634566375866624  |  -1 0.10117580612071532
        2 0.44466526743349216  |  -2 -0.15969342653978966
        3 0.4589601495835036  |  -3 -0.33338467279547385
        4 0.4831007761011539  |  -4 -0.4177260847306166
        5 0.49536279779731773  |  -5 -0.4439277585691439
        6 0.4930689059770054  |  -6 -0.46219428729328343
        7 0.4494599518071881  |  -7 -0.4824692791600009
        8 0.357785910133878  |  -8 -0.5001885294816006
        9 0.23371397505799826  |  -9 -0.5000831631836314
        10 0.10573667797760508  |  -10 -0.46533168763443133
  BetSameGapTrend#8
    auto correlation
      self
        lag   state→past   target→target   state→future
        1 0.3307021936847906 0.9321408994344891 0.5980838153048229
        2 0.10333463467635418 0.831093262073165 0.6082737714053614
        3 -0.08972342367213619 0.7306356197829905 0.6073749624299366
        4 -0.24799037601262527 0.6317568057929484 0.5941024964079498
        5 -0.38361026027013123 0.524590418749206 0.5563767243492829
        6 -0.49219675224990617 0.41250493272065564 0.49818557660169527
        7 -0.5724822268223689 0.2963898781174398 0.4188473928928567
        8 -0.6220224487559205 0.17745372789695874 0.31783990514524774
        9 -0.6354795454516609 0.06408623930419813 0.2042539694967827
        10 -0.6186839418106022 -0.03104443545895541 0.09669714111683109
      offset50#mean#BetSameWinRate
        0 0.71240714649449
        1 0.6750635817115406
        2 0.6102920385875246
        3 0.5438209759715457
        4 0.47528649913817345
        5 0.40224251493605506
        6 0.3284473595635459
        7 0.2585689431338706
        8 0.18772622633963423
        9 0.11946008784980724
        10 0.06065748576004846
      offset50#mean#SamePercentage
        0 0.03465757370477166
        1 0.0479757704628557
        2 0.054810695668224614
        3 0.05861150935086111
        4 0.05790887985821443
        5 0.058655040447372575
        6 0.06315077825754031
        7 0.0771045748755996
        8 0.09283975086965748
        9 0.107020839731268
        10 0.11688996777338653
      BetSameGapTrend#8
        0 0.5458574566185129
        1 0.5980838153048229
        2 0.6082737714053614
        3 0.6073749624299366
        4 0.5941024964079498
        5 0.5563767243492829
        6 0.49818557660169527
        7 0.4188473928928567
        8 0.31783990514524774
        9 0.2042539694967827
        10 0.09669714111683109
     lag behavior
        1 0.5980838153048229  |  -1 0.3307021936847906
        2 0.6082737714053614  |  -2 0.10333463467635418
        3 0.6073749624299366  |  -3 -0.08972342367213619
        4 0.5941024964079498  |  -4 -0.24799037601262527
        5 0.5563767243492829  |  -5 -0.38361026027013123
        6 0.49818557660169527  |  -6 -0.49219675224990617
        7 0.4188473928928567  |  -7 -0.5724822268223689
        8 0.31783990514524774  |  -8 -0.6220224487559205
        9 0.2042539694967827  |  -9 -0.6354795454516609
        10 0.09669714111683109  |  -10 -0.6186839418106022
Quant.tkr:
  BetSameGapTrend#4
    auto correlation
      self
        lag   state→past   target→target   state→future
        1 0.08947798056207537 0.9418814003513535 0.4140281063826701
        2 -0.1553584312446422 0.8528448383284319 0.4299993018272661
        3 -0.31933530746584216 0.76275074633494 0.4528517491720092
        4 -0.4108362603883815 0.6672052600697128 0.47044663255945546
        5 -0.4416130107331669 0.5664845567539523 0.48130125407798646
        6 -0.46158554204142793 0.4607158726698135 0.4768605487399371
        7 -0.48021209574375445 0.3516252635465411 0.43361016191012997
        8 -0.4852824276422794 0.2454047443303376 0.35653825514881377
        9 -0.48291413350739726 0.14083487197373812 0.24738618552752156
        10 -0.4548144725663499 0.05014044161148464 0.13153022474439355
      offset50#mean#BetSameWinRate
        0 0.7708365620559994
        1 0.7331759188787335
        2 0.6662417917354959
        3 0.5983562633673322
        4 0.5229006473255644
        5 0.43847310032363523
        6 0.3492060900227712
        7 0.259022306568685
        8 0.1697941738216419
        9 0.08143452899789155
        10 0.006552001127501813
      offset50#mean#SamePercentage
        0 -0.0394493026337294
        1 -0.02824739867592562
        2 -0.022314367347257266
        3 -0.016310188264159323
        4 -0.015328958796913423
        5 -0.021989892072649623
        6 -0.029740736181114204
        7 -0.03453198007193879
        8 -0.04135546486550608
        9 -0.04888215773016246
        10 -0.05265657743363844
      BetSameGapTrend#4
        0 0.349005319317808
        1 0.4140281063826701
        2 0.4299993018272661
        3 0.4528517491720092
        4 0.47044663255945546
        5 0.48130125407798646
        6 0.4768605487399371
        7 0.43361016191012997
        8 0.35653825514881377
        9 0.24738618552752156
        10 0.13153022474439355
     lag behavior
        1 0.4140281063826701  |  -1 0.08947798056207537
        2 0.4299993018272661  |  -2 -0.1553584312446422
        3 0.4528517491720092  |  -3 -0.31933530746584216
        4 0.47044663255945546  |  -4 -0.4108362603883815
        5 0.48130125407798646  |  -5 -0.4416130107331669
        6 0.4768605487399371  |  -6 -0.46158554204142793
        7 0.43361016191012997  |  -7 -0.48021209574375445
        8 0.35653825514881377  |  -8 -0.4852824276422794
        9 0.24738618552752156  |  -9 -0.48291413350739726
        10 0.13153022474439355  |  -10 -0.4548144725663499
  BetSameGapTrend#8
    auto correlation
      self
        lag   state→past   target→target   state→future
        1 0.3144088096294991 0.9418814003513535 0.5713992728719716
        2 0.09758060371399144 0.8528448383284319 0.5849364931969876
        3 -0.0867343792442937 0.76275074633494 0.5886345440163152
        4 -0.24542232075837808 0.6672052600697128 0.5733415540561637
        5 -0.37744267502607554 0.5664845567539523 0.5407431486351046
        6 -0.48340909082298505 0.4607158726698135 0.48891633668520723
        7 -0.560956493032972 0.3516252635465411 0.4191333868073105
        8 -0.6029494377894369 0.2454047443303376 0.33933779745550957
        9 -0.6152172541044525 0.14083487197373812 0.24728931594711406
        10 -0.6025613399309587 0.05014044161148464 0.15971056077135906
      offset50#mean#BetSameWinRate
        0 0.7708365620559994
        1 0.7331759188787335
        2 0.6662417917354959
        3 0.5983562633673322
        4 0.5229006473255644
        5 0.43847310032363523
        6 0.3492060900227712
        7 0.259022306568685
        8 0.1697941738216419
        9 0.08143452899789155
        10 0.006552001127501813
      offset50#mean#SamePercentage
        0 -0.0394493026337294
        1 -0.02824739867592562
        2 -0.022314367347257266
        3 -0.016310188264159323
        4 -0.015328958796913423
        5 -0.021989892072649623
        6 -0.029740736181114204
        7 -0.03453198007193879
        8 -0.04135546486550608
        9 -0.04888215773016246
        10 -0.05265657743363844
      BetSameGapTrend#8
        0 0.516448959034588
        1 0.5713992728719716
        2 0.5849364931969876
        3 0.5886345440163152
        4 0.5733415540561637
        5 0.5407431486351046
        6 0.48891633668520723
        7 0.4191333868073105
        8 0.33933779745550957
        9 0.24728931594711406
        10 0.15971056077135906
     lag behavior
        1 0.5713992728719716  |  -1 0.3144088096294991
        2 0.5849364931969876  |  -2 0.09758060371399144
        3 0.5886345440163152  |  -3 -0.0867343792442937
        4 0.5733415540561637  |  -4 -0.24542232075837808
        5 0.5407431486351046  |  -5 -0.37744267502607554
        6 0.48891633668520723  |  -6 -0.48340909082298505
        7 0.4191333868073105  |  -7 -0.560956493032972
        8 0.33933779745550957  |  -8 -0.6029494377894369
        9 0.24728931594711406  |  -9 -0.6152172541044525
        10 0.15971056077135906  |  -10 -0.6025613399309587
Quant_IDQE.tkr:
  BetSameGapTrend#4
    auto correlation
      self
        lag   state→past   target→target   state→future
        1 0.11552832856065935 0.9108426262830449 0.47241364985651657
        2 -0.19081590703577786 0.7746719794831991 0.4370330296059558
        3 -0.3775177052719216 0.6531213943695358 0.41907937246901367
        4 -0.4480157211195965 0.5437892636884022 0.4246567337325243
        5 -0.43964988058412297 0.4343715637232581 0.4396530936820868
        6 -0.42362444677022143 0.32545461208881227 0.4591275870543861
        7 -0.41890894708220494 0.2162074799670392 0.4494913046841349
        8 -0.4393962357151031 0.09377825400836502 0.3801897291421442
        9 -0.47595612946258115 -0.04201069293201466 0.2433648560506197
        10 -0.47498697466839573 -0.1601100818467535 0.09545348315066447
      offset50#mean#BetSameWinRate
        0 0.6322328350502079
        1 0.5664598619163287
        2 0.46955727910016104
        3 0.3859415306017652
        4 0.3120830816639286
        5 0.2434617848063021
        6 0.1780372958408237
        7 0.10980238763039508
        8 0.025888242160861063
        9 -0.06912296775479695
        10 -0.1528450081317002
      offset50#mean#SamePercentage
        0 -0.07813694853854712
        1 -0.08380473633317823
        2 -0.08761226560557848
        3 -0.08725478380875483
        4 -0.08542970880888014
        5 -0.07615828015896274
        6 -0.06283202138204717
        7 -0.05274277521258341
        8 -0.05112909939484143
        9 -0.051858997254180646
        10 -0.053895201477662615
      BetSameGapTrend#4
        0 0.4262888050976664
        1 0.47241364985651657
        2 0.4370330296059558
        3 0.41907937246901367
        4 0.4246567337325243
        5 0.4396530936820868
        6 0.4591275870543861
        7 0.4494913046841349
        8 0.3801897291421442
        9 0.2433648560506197
        10 0.09545348315066447
     lag behavior
        1 0.47241364985651657  |  -1 0.11552832856065935
        2 0.4370330296059558  |  -2 -0.19081590703577786
        3 0.41907937246901367  |  -3 -0.3775177052719216
        4 0.4246567337325243  |  -4 -0.4480157211195965
        5 0.4396530936820868  |  -5 -0.43964988058412297
        6 0.4591275870543861  |  -6 -0.42362444677022143
        7 0.4494913046841349  |  -7 -0.41890894708220494
        8 0.3801897291421442  |  -8 -0.4393962357151031
        9 0.2433648560506197  |  -9 -0.47595612946258115
        10 0.09545348315066447  |  -10 -0.47498697466839573
  BetSameGapTrend#8
    auto correlation
      self
        lag   state→past   target→target   state→future
        1 0.3575006215121667 0.9108426262830449 0.6306481337142972
        2 0.09590328935994741 0.7746719794831991 0.6082146413762949
        3 -0.11278815697528381 0.6531213943695358 0.5897196913347745
        4 -0.27389798073520993 0.5437892636884022 0.571297146955458
        5 -0.4028923994150666 0.4343715637232581 0.5405745831969722
        6 -0.49981847656012135 0.32545461208881227 0.49838814416172605
        7 -0.5637313898894197 0.2162074799670392 0.442929041611366
        8 -0.6065677151133312 0.09377825400836502 0.3575267379371177
        9 -0.6339431782918159 -0.04201069293201466 0.23401729558965584
        10 -0.6337986027744953 -0.1601100818467535 0.11032614145943152
      offset50#mean#BetSameWinRate
        0 0.6322328350502079
        1 0.5664598619163287
        2 0.46955727910016104
        3 0.3859415306017652
        4 0.3120830816639286
        5 0.2434617848063021
        6 0.1780372958408237
        7 0.10980238763039508
        8 0.025888242160861063
        9 -0.06912296775479695
        10 -0.1528450081317002
      offset50#mean#SamePercentage
        0 -0.07813694853854712
        1 -0.08380473633317823
        2 -0.08761226560557848
        3 -0.08725478380875483
        4 -0.08542970880888014
        5 -0.07615828015896274
        6 -0.06283202138204717
        7 -0.05274277521258341
        8 -0.05112909939484143
        9 -0.051858997254180646
        10 -0.053895201477662615
      BetSameGapTrend#8
        0 0.5957349865330618
        1 0.6306481337142972
        2 0.6082146413762949
        3 0.5897196913347745
        4 0.571297146955458
        5 0.5405745831969722
        6 0.49838814416172605
        7 0.442929041611366
        8 0.3575267379371177
        9 0.23401729558965584
        10 0.11032614145943152
     lag behavior
        1 0.6306481337142972  |  -1 0.3575006215121667
        2 0.6082146413762949  |  -2 0.09590328935994741
        3 0.5897196913347745  |  -3 -0.11278815697528381
        4 0.571297146955458  |  -4 -0.27389798073520993
        5 0.5405745831969722  |  -5 -0.4028923994150666
        6 0.49838814416172605  |  -6 -0.49981847656012135
        7 0.442929041611366  |  -7 -0.5637313898894197
        8 0.3575267379371177  |  -8 -0.6065677151133312
        9 0.23401729558965584  |  -9 -0.6339431782918159
        10 0.11032614145943152  |  -10 -0.6337986027744953
