
==============================================================================
Crypto 3
/data/jwc/Documents/Trackers/crypto3.tkr
==============================================================================

BetSameGapTrend#4
  fold 1: blocks=88 block=0.8750->0.9091 realized=50.00017357%->50.00018093% delta=+0.00000736pp
  fold 2: blocks=87 block=0.8621->0.8391 realized=50.00022152%->50.00021859% delta=-0.00000293pp
  fold 3: blocks=88 block=0.8068->0.8295 realized=50.00010541%->50.00011597% delta=+0.00001056pp
  fold 4: blocks=87 block=0.7701->0.7931 realized=50.00013124%->50.00013664% delta=+0.00000539pp
  fold 5: blocks=88 block=0.9318->0.9318 realized=50.00017285%->50.00017285% delta=+0.00000000pp

BetSameGapTrend#8
  fold 1: blocks=87 block=0.8736->0.9080 realized=50.00017797%->50.00018541% delta=+0.00000744pp
  fold 2: blocks=87 block=0.8621->0.8506 realized=50.00021583%->50.00021505% delta=-0.00000078pp
  fold 3: blocks=87 block=0.8046->0.8391 realized=50.00010615%->50.00011776% delta=+0.00001160pp
  fold 4: blocks=87 block=0.7701->0.8046 realized=50.00013124%->50.00013902% delta=+0.00000778pp
  fold 5: blocks=88 block=0.9318->0.9432 realized=50.00017285%->50.00017418% delta=+0.00000132pp

==============================================================================
Random SD
/data/jwc/Documents/Trackers/crypto_RandomSD.tkr
==============================================================================

BetSameGapTrend#4
  fold 1: blocks=88 block=0.8068->0.8068 realized=50.00013450%->50.00013183% delta=-0.00000267pp
  fold 2: blocks=87 block=0.8966->0.8966 realized=50.00016250%->50.00016250% delta=+0.00000000pp
  fold 3: blocks=88 block=0.8977->0.9091 realized=50.00020140%->50.00020538% delta=+0.00000398pp
  fold 4: blocks=87 block=0.8621->0.8621 realized=50.00009454%->50.00009454% delta=+0.00000000pp
  fold 5: blocks=88 block=0.9091->0.8977 realized=50.00015444%->50.00015171% delta=-0.00000273pp

BetSameGapTrend#8
  fold 1: blocks=87 block=0.8161->0.8621 realized=50.00013886%->50.00014109% delta=+0.00000223pp
  fold 2: blocks=87 block=0.8966->0.8966 realized=50.00016037%->50.00016043% delta=+0.00000006pp
  fold 3: blocks=87 block=0.8966->0.9080 realized=50.00020304%->50.00020651% delta=+0.00000347pp
  fold 4: blocks=87 block=0.8621->0.8736 realized=50.00009454%->50.00009612% delta=+0.00000157pp
  fold 5: blocks=88 block=0.9091->0.8977 realized=50.00015444%->50.00015171% delta=-0.00000273pp

==============================================================================
Quant
/data/jwc/Documents/Trackers/Quant.tkr
==============================================================================

BetSameGapTrend#4
  fold 1: blocks=88 block=0.9091->0.9091 realized=50.00011846%->50.00011846% delta=+0.00000000pp
  fold 2: blocks=87 block=0.8851->0.8966 realized=50.00020003%->50.00020183% delta=+0.00000180pp
  fold 3: blocks=88 block=0.8636->0.8523 realized=50.00018705%->50.00018624% delta=-0.00000081pp
  fold 4: blocks=87 block=0.8391->0.8506 realized=50.00015455%->50.00015480% delta=+0.00000025pp
  fold 5: blocks=88 block=0.8864->0.8864 realized=50.00016551%->50.00016551% delta=+0.00000000pp

BetSameGapTrend#8
  fold 1: blocks=87 block=0.9080->0.9080 realized=50.00011909%->50.00011909% delta=+0.00000000pp
  fold 2: blocks=87 block=0.8736->0.8851 realized=50.00019641%->50.00019961% delta=+0.00000320pp
  fold 3: blocks=87 block=0.8736->0.8736 realized=50.00018960%->50.00018981% delta=+0.00000020pp
  fold 4: blocks=87 block=0.8391->0.8506 realized=50.00015455%->50.00015480% delta=+0.00000025pp
  fold 5: blocks=88 block=0.8864->0.8864 realized=50.00016551%->50.00016551% delta=+0.00000000pp

==============================================================================
Quant IDQE
/data/jwc/Documents/Trackers/Quant_IDQE.tkr
==============================================================================

BetSameGapTrend#4
  fold 1: blocks=88 block=0.8409->0.8295 realized=50.00013841%->50.00013642% delta=-0.00000199pp
  fold 2: blocks=87 block=0.8621->0.8736 realized=50.00013789%->50.00013928% delta=+0.00000139pp
  fold 3: blocks=88 block=0.8295->0.7955 realized=50.00009945%->50.00009517% delta=-0.00000428pp
  fold 4: blocks=87 block=0.8736->0.8621 realized=50.00020479%->50.00020288% delta=-0.00000192pp
  fold 5: blocks=88 block=0.8636->0.8977 realized=50.00014645%->50.00014903% delta=+0.00000258pp

BetSameGapTrend#8
  fold 1: blocks=87 block=0.8391->0.8276 realized=50.00013418%->50.00013217% delta=-0.00000201pp
  fold 2: blocks=87 block=0.8621->0.8736 realized=50.00013940%->50.00014079% delta=+0.00000139pp
  fold 3: blocks=87 block=0.8276->0.8046 realized=50.00009846%->50.00009583% delta=-0.00000263pp
  fold 4: blocks=87 block=0.8736->0.8506 realized=50.00020479%->50.00020250% delta=-0.00000230pp
  fold 5: blocks=88 block=0.8636->0.9091 realized=50.00014645%->50.00014935% delta=+0.00000290pp

==============================================================================
WALK-FORWARD SUMMARY
==============================================================================
   Tracker            Metric  Folds  PositiveBlockDecisionFolds  PositiveRealizedFolds  MeanBaselineBlockAccuracy  MeanCandidateBlockAccuracy  MeanBlockAccuracyDelta  MeanBaselineRealizedAccuracy  MeanCandidateRealizedAccuracy  MeanRealizedAccuracyDelta  MedianRealizedAccuracyDelta  WorstRealizedAccuracyDelta  BestRealizedAccuracyDelta  CandidateAbove50Folds  MeanBaselineCorr  MeanCandidateCorr
  Crypto 3 BetSameGapTrend#4      5                           3                      3                 0.84916405                  0.86052769             0.011363636                     50.000161                      50.000165              4.0773441e-06                5.3946855e-06              -2.9257993e-06                1.05618e-05                      5        0.90596078         0.91074102
  Crypto 3 BetSameGapTrend#8      5                           4                      4                  0.8484326                  0.86909613             0.020663532                     50.000161                      50.000166              5.4728555e-06                7.4405864e-06              -7.8120411e-07              1.1600459e-05                      5        0.90609972         0.91113321
 Random SD BetSameGapTrend#4      5                           1                      1                 0.87445141                  0.87445141                       0                     50.000149                      50.000149             -2.8400819e-07                            0              -2.7287874e-06              3.9797742e-06                      5         0.8890838          0.8912537
 Random SD BetSameGapTrend#8      5                           3                      4                 0.87607106                  0.88759143             0.011520376                      50.00015                      50.000151              9.2227814e-07                1.5732242e-06              -2.7287874e-06              3.4744645e-06                      5        0.89076663         0.89182167
     Quant BetSameGapTrend#4      5                           2                      2                 0.87664577                  0.87897074            0.0023249739                     50.000165                      50.000165              2.4770277e-07                            0              -8.0875517e-07              1.8016749e-06                      5        0.90675046         0.90907259
     Quant BetSameGapTrend#8      5                           2                      3                  0.8761233                    0.880721            0.0045977011                     50.000165                      50.000166              7.2956333e-07                2.0156038e-07                           0              3.2006621e-06                      5        0.90550936         0.90730882
Quant IDQE BetSameGapTrend#4      5                           2                      2                 0.85394462                  0.85167189           -0.0022727273                     50.000145                      50.000145             -8.4243314e-07                -1.917116e-06               -4.282279e-06              2.5837125e-06                      5        0.89296623         0.89510712
Quant IDQE BetSameGapTrend#8      5                           2                      2                 0.85318704                  0.85308255          -0.00010449321                     50.000145                      50.000144             -5.2927442e-07               -2.0110119e-06              -2.6322644e-06              2.9029274e-06                      5        0.89178375          0.8941671

==============================================================================
ALL FOLDS
==============================================================================
   Tracker            Metric  Fold  Lag  TrainRows  TestRows     TestBegin       TestEnd   BaselineMSE  CandidateMSE  ImprovementPct  BaselineCorr  CandidateCorr  BaselineCorrectBlocks  CandidateCorrectBlocks  BaselineBlockAccuracy  CandidateBlockAccuracy  BlockAccuracyDelta  BaselineRealizedEdge  CandidateRealizedEdge  RealizedEdgeDelta  BaselineRealizedAccuracy  CandidateRealizedAccuracy  RealizedAccuracyDelta  StateCoefficient
  Crypto 3 BetSameGapTrend#4     1    1        437        88 4520000000000 5390000000000 1.0106375e-08 9.5218714e-09       5.7835164    0.90354985     0.91059495                     77                      80                  0.875              0.90909091         0.034090909         0.00017357364          0.00018092967      7.3560343e-06                 50.000174                  50.000181          7.3560343e-06        0.19297397
  Crypto 3 BetSameGapTrend#4     2    1        525        87 5400000000000 6260000000000 6.5938798e-09 6.3918148e-09       3.0644313    0.96102553     0.96231082                     75                      73             0.86206897              0.83908046        -0.022988506         0.00022152004          0.00021859424     -2.9257993e-06                 50.000222                  50.000219         -2.9257993e-06        0.21353295
  Crypto 3 BetSameGapTrend#4     3    1        612        88 6270000000000 7140000000000 8.5542875e-09 8.4561333e-09       1.1474271    0.80593141     0.81179572                     71                      73             0.80681818              0.82954545         0.022727273         0.00010540885          0.00011597065        1.05618e-05                 50.000105                  50.000116            1.05618e-05        0.20348279
  Crypto 3 BetSameGapTrend#4     4    1        700        87 7150000000000 8010000000000 7.0811791e-09 6.4946413e-09       8.2830528    0.91308183     0.92140827                     67                      69             0.77011494              0.79310345         0.022988506         0.00013124053          0.00013663521      5.3946855e-06                 50.000131                  50.000137          5.3946855e-06        0.19555521
  Crypto 3 BetSameGapTrend#4     5    1        787        88 8020000000000 8890000000000 5.2097514e-09 5.0833509e-09       2.4262293    0.94621528     0.94759534                     82                      82             0.93181818              0.93181818                   0         0.00017285333          0.00017285333                  0                 50.000173                  50.000173                      0        0.20356925
  Crypto 3 BetSameGapTrend#8     1    1        435        87 4540000000000 5400000000000 1.0269544e-08 1.0171663e-08      0.95312212    0.90469099     0.90700796                     76                      79             0.87356322              0.90804598         0.034482759         0.00017796874          0.00018540932      7.4405864e-06                 50.000178                  50.000185          7.4405864e-06        0.12610864
  Crypto 3 BetSameGapTrend#8     2    1        522        87 5410000000000 6270000000000 6.5401757e-09 6.1528224e-09       5.9226752    0.95998632     0.96232098                     75                      74             0.86206897              0.85057471        -0.011494253         0.00021582714          0.00021504593     -7.8120412e-07                 50.000216                  50.000215         -7.8120411e-07        0.12478176
  Crypto 3 BetSameGapTrend#8     3    1        609        87 6280000000000 7140000000000 8.6224072e-09 8.3336996e-09       3.3483417    0.80652419      0.8165892                     70                      73              0.8045977              0.83908046         0.034482759         0.00010615457          0.00011775503      1.1600459e-05                 50.000106                  50.000118          1.1600459e-05        0.12974536
  Crypto 3 BetSameGapTrend#8     4    1        696        87 7150000000000 8010000000000 7.0817289e-09 6.4661207e-09       8.6929093    0.91308183     0.92209776                     67                      70             0.77011494               0.8045977         0.034482759         0.00013124053          0.00013902208      7.7815532e-06                 50.000131                  50.000139          7.7815532e-06        0.13463252
  Crypto 3 BetSameGapTrend#8     5    1        783        88 8020000000000 8890000000000 5.2095546e-09 5.0793613e-09       2.4991252    0.94621528     0.94765018                     82                      83             0.93181818              0.94318182         0.011363636         0.00017285333          0.00017417621      1.3228837e-06                 50.000173                  50.000174          1.3228837e-06        0.14567862
 Random SD BetSameGapTrend#4     1    1        437        88 4520000000000 5390000000000 5.8722716e-09 5.8181044e-09      0.92242379    0.84254444     0.84509521                     71                      71             0.80681818              0.80681818                   0         0.00013450451          0.00013183348     -2.6710277e-06                 50.000135                  50.000132         -2.6710278e-06        0.15949804
 Random SD BetSameGapTrend#4     2    1        525        87 5400000000000 6260000000000 4.9603135e-09 4.6669726e-09       5.9137585    0.92553191     0.93017887                     78                      78             0.89655172              0.89655172                   0         0.00016250485          0.00016250485                  0                 50.000163                  50.000163                      0        0.15027876
 Random SD BetSameGapTrend#4     3    1        612        88 6270000000000 7140000000000  6.873036e-09 6.5616478e-09       4.5305778    0.94565096     0.94838408                     79                      80             0.89772727              0.90909091         0.011363636         0.00020139621          0.00020537599      3.9797742e-06                 50.000201                  50.000205          3.9797742e-06        0.16113602
 Random SD BetSameGapTrend#4     4    1        700        87 7150000000000 8010000000000   4.13484e-09 4.4339662e-09       -7.234287    0.86457383     0.85764068                     75                      75             0.86206897              0.86206897                   0         9.4542245e-05          9.4542245e-05                  0                 50.000095                  50.000095                      0         0.1695654
 Random SD BetSameGapTrend#4     5    1        787        88 8020000000000 8890000000000 7.5950537e-09  7.223595e-09       4.8907982    0.86711785     0.87496964                     80                      79             0.90909091              0.89772727        -0.011363636         0.00015444154          0.00015171275     -2.7287874e-06                 50.000154                  50.000152         -2.7287874e-06        0.14987538
 Random SD BetSameGapTrend#8     1    1        435        87 4540000000000 5400000000000 5.9653821e-09 5.7260785e-09       4.0115372    0.84909395     0.85790302                     71                      75             0.81609195              0.86206897         0.045977011         0.00013886036          0.00014109497      2.2346187e-06                 50.000139                  50.000141          2.2346187e-06        0.14863508
 Random SD BetSameGapTrend#8     2    1        522        87 5410000000000 6270000000000  4.847569e-09 4.7578607e-09       1.8505843    0.92720482     0.92875048                     78                      78             0.89655172              0.89655172                   0         0.00016037322          0.00016043109      5.7870628e-08                  50.00016                   50.00016          5.7870629e-08        0.14590402
 Random SD BetSameGapTrend#8     3    1        609        87 6280000000000 7140000000000 6.9281167e-09 6.5664167e-09       5.2207552    0.94584271     0.94904849                     78                      79             0.89655172              0.90804598         0.011494253         0.00020304034           0.0002065148      3.4744645e-06                 50.000203                  50.000207          3.4744645e-06        0.14154588
 Random SD BetSameGapTrend#8     4    1        696        87 7150000000000 8010000000000 4.1380161e-09 4.5731011e-09      -10.514338    0.86457383     0.85178947                     75                      76             0.86206897              0.87356322         0.011494253         9.4542245e-05           9.611547e-05      1.5732242e-06                 50.000095                  50.000096          1.5732242e-06        0.14647586
 Random SD BetSameGapTrend#8     5    1        783        88 8020000000000 8890000000000 7.6009782e-09 7.4493139e-09        1.995327    0.86711785     0.87161691                     80                      79             0.90909091              0.89772727        -0.011363636         0.00015444154          0.00015171275     -2.7287874e-06                 50.000154                  50.000152         -2.7287874e-06        0.12794421
     Quant BetSameGapTrend#4     1    1        437        88 4520000000000 5390000000000 5.6930577e-09  5.586177e-09       1.8773854    0.85747878      0.8612693                     80                      80             0.90909091              0.90909091                   0          0.0001184622           0.0001184622                  0                 50.000118                  50.000118                      0        0.14956683
     Quant BetSameGapTrend#4     2    1        525        87 5400000000000 6260000000000 6.5492568e-09 5.9781334e-09       8.7204298    0.93874562      0.9446454                     77                      78             0.88505747              0.89655172         0.011494253         0.00020002715          0.00020182883      1.8016749e-06                   50.0002                  50.000202          1.8016749e-06        0.14847093
     Quant BetSameGapTrend#4     3    1        612        88 6270000000000 7140000000000 7.3553838e-09 6.3801844e-09       13.258308    0.93505944     0.94413223                     76                      75             0.86363636              0.85227273        -0.011363636         0.00018705273          0.00018624397     -8.0875518e-07                 50.000187                  50.000186         -8.0875517e-07        0.17164336
     Quant BetSameGapTrend#4     4    1        700        87 7150000000000 8010000000000 6.4949649e-09 7.3674862e-09       -13.43381    0.90572455     0.89474787                     73                      74             0.83908046              0.85057471         0.011494253         0.00015455253          0.00015479813      2.4559414e-07                 50.000155                  50.000155          2.4559414e-07        0.20340187
     Quant BetSameGapTrend#4     5    1        787        88 8020000000000 8890000000000 8.2430567e-09 8.0535717e-09       2.2987222     0.8967439     0.90056813                     78                      78             0.88636364              0.88636364                   0          0.0001655099           0.0001655099                  0                 50.000166                  50.000166                      0        0.16442942
     Quant BetSameGapTrend#8     1    1        435        87 4540000000000 5400000000000  5.871436e-09  5.801478e-09       1.1914961     0.8501756     0.85422011                     79                      79             0.90804598              0.90804598                   0         0.00011908761          0.00011908761                  0                 50.000119                  50.000119                      0        0.13331228
     Quant BetSameGapTrend#8     2    1        522        87 5410000000000 6270000000000 6.4858967e-09 5.8252923e-09       10.185244    0.93885581     0.94564076                     76                      77             0.87356322              0.88505747         0.011494253         0.00019641179          0.00019961245      3.2006621e-06                 50.000196                    50.0002          3.2006621e-06        0.12925911
     Quant BetSameGapTrend#8     3    1        609        87 6280000000000 7140000000000 7.3224782e-09 6.2735907e-09       14.324214    0.93604692     0.94592206                     76                      76             0.87356322              0.87356322                   0         0.00018960359          0.00018980515      2.0156038e-07                  50.00019                   50.00019          2.0156038e-07         0.1457705
     Quant BetSameGapTrend#8     4    1        696        87 7150000000000 8010000000000 6.4888346e-09 7.2752991e-09      -12.120273    0.90572455     0.89711279                     73                      74             0.83908046              0.85057471         0.011494253         0.00015455253          0.00015479813      2.4559414e-07                 50.000155                  50.000155          2.4559414e-07        0.16864633
     Quant BetSameGapTrend#8     5    1        783        88 8020000000000 8890000000000  8.243251e-09 8.6275131e-09       -4.661535     0.8967439      0.8936484                     78                      78             0.88636364              0.88636364                   0          0.0001655099           0.0001655099                  0                 50.000166                  50.000166                      0        0.14318084
Quant IDQE BetSameGapTrend#4     1    1        437        88 4520000000000 5390000000000 7.3237227e-09 7.3855754e-09     -0.84455306    0.89574602     0.89523107                     74                      73             0.84090909              0.82954545        -0.011363636           0.000138406          0.00013641784     -1.9881595e-06                 50.000138                  50.000136         -1.9881595e-06        0.09411269
Quant IDQE BetSameGapTrend#4     2    1        525        87 5400000000000 6260000000000 6.0428446e-09 5.9802973e-09       1.0350635    0.88473265      0.8862985                     75                      76             0.86206897              0.87356322         0.011494253         0.00013789218          0.00013928386      1.3916763e-06                 50.000138                  50.000139          1.3916763e-06       0.080593466
Quant IDQE BetSameGapTrend#4     3    1        612        88 6270000000000 7140000000000  7.055931e-09 6.9823061e-09       1.0434474    0.83050325     0.83260264                     73                      70             0.82954545              0.79545455        -0.034090909         9.9450393e-05          9.5168114e-05      -4.282279e-06                 50.000099                  50.000095          -4.282279e-06       0.084160332
Quant IDQE BetSameGapTrend#4     4    1        700        87 7150000000000 8010000000000 9.7581859e-09 9.4356491e-09       3.3052949    0.94263424     0.94474305                     76                      75             0.87356322              0.86206897        -0.011494253         0.00020479404          0.00020287692      -1.917116e-06                 50.000205                  50.000203          -1.917116e-06       0.085034135
Quant IDQE BetSameGapTrend#4     5    1        787        88 8020000000000 8890000000000 5.6394635e-09 5.3196925e-09       5.6702394    0.91121497     0.91666034                     76                      79             0.86363636              0.89772727         0.034090909         0.00014644833          0.00014903205      2.5837125e-06                 50.000146                  50.000149          2.5837125e-06        0.10981657
Quant IDQE BetSameGapTrend#8     1    1        435        87 4540000000000 5400000000000 7.4252804e-09 7.4077839e-09      0.23563452    0.88938496     0.89039806                     73                      72             0.83908046              0.82758621        -0.011494253         0.00013417775          0.00013216674     -2.0110119e-06                 50.000134                  50.000132         -2.0110119e-06       0.082435033
Quant IDQE BetSameGapTrend#8     2    1        522        87 5410000000000 6270000000000 6.0271466e-09 5.9930472e-09      0.56576389    0.88737895     0.88846731                     75                      76             0.86206897              0.87356322         0.011494253         0.00013940117          0.00014079284      1.3916763e-06                 50.000139                  50.000141          1.3916763e-06       0.080039184
Quant IDQE BetSameGapTrend#8     3    1        609        87 6280000000000 7140000000000 7.1289814e-09 7.0875828e-09      0.58070892    0.82830561     0.82972129                     72                      70             0.82758621               0.8045977        -0.022988506         9.8457445e-05           9.582518e-05     -2.6322644e-06                 50.000098                  50.000096         -2.6322644e-06       0.079743436
Quant IDQE BetSameGapTrend#8     4    1        696        87 7150000000000 8010000000000 9.7548191e-09 9.3549313e-09       4.0993874    0.94263424     0.94517216                     76                      74             0.87356322              0.85057471        -0.022988506         0.00020479404          0.00020249634     -2.2976995e-06                 50.000205                  50.000202         -2.2976995e-06       0.076064144
Quant IDQE BetSameGapTrend#8     5    1        783        88 8020000000000 8890000000000 5.6391818e-09 5.3041558e-09       5.9410392    0.91121497     0.91707668                     76                      80             0.86363636              0.90909091         0.045454545         0.00014644833          0.00014935126      2.9029274e-06                 50.000146                  50.000149          2.9029274e-06         0.0990474

