
==============================================================================
Crypto 3
/data/jwc/Documents/Trackers/crypto3.tkr
==============================================================================

BetSameGapTrend#4
  fold 1: blocks=88 block=0.8750->0.9091 delta=+0.00000736pp Z=+3.2565->+3.3945
  fold 2: blocks=87 block=0.8621->0.8391 delta=-0.00000293pp Z=+4.1324->+4.0778
  fold 3: blocks=88 block=0.8068->0.8295 delta=+0.00001056pp Z=+1.9776->+2.1758
  fold 4: blocks=87 block=0.7701->0.7931 delta=+0.00000539pp Z=+2.4483->+2.5489
  fold 5: blocks=88 block=0.9318->0.9318 delta=+0.00000000pp Z=+3.2430->+3.2430

BetSameGapTrend#8
  fold 1: blocks=87 block=0.8736->0.9080 delta=+0.00000744pp Z=+3.3200->+3.4588
  fold 2: blocks=87 block=0.8621->0.8506 delta=-0.00000078pp Z=+4.0262->+4.0116
  fold 3: blocks=87 block=0.8046->0.8391 delta=+0.00001160pp Z=+1.9803->+2.1967
  fold 4: blocks=87 block=0.7701->0.8046 delta=+0.00000778pp Z=+2.4483->+2.5934
  fold 5: blocks=88 block=0.9318->0.9432 delta=+0.00000132pp Z=+3.2430->+3.2678

==============================================================================
Random SD
/data/jwc/Documents/Trackers/crypto_RandomSD.tkr
==============================================================================

BetSameGapTrend#4
  fold 1: blocks=88 block=0.8068->0.8068 delta=-0.00000267pp Z=+2.5235->+2.4734
  fold 2: blocks=87 block=0.8966->0.8966 delta=+0.00000000pp Z=+3.0315->+3.0315
  fold 3: blocks=88 block=0.8977->0.9091 delta=+0.00000398pp Z=+3.7785->+3.8532
  fold 4: blocks=87 block=0.8621->0.8621 delta=+0.00000000pp Z=+1.7637->+1.7637
  fold 5: blocks=88 block=0.9091->0.8977 delta=-0.00000273pp Z=+2.8976->+2.8464

BetSameGapTrend#8
  fold 1: blocks=87 block=0.8161->0.8621 delta=+0.00000223pp Z=+2.5904->+2.6321
  fold 2: blocks=87 block=0.8966->0.8966 delta=+0.00000006pp Z=+2.9917->+2.9928
  fold 3: blocks=87 block=0.8966->0.9080 delta=+0.00000347pp Z=+3.7877->+3.8525
  fold 4: blocks=87 block=0.8621->0.8736 delta=+0.00000157pp Z=+1.7637->+1.7930
  fold 5: blocks=88 block=0.9091->0.8977 delta=-0.00000273pp Z=+2.8976->+2.8464

==============================================================================
Quant
/data/jwc/Documents/Trackers/Quant.tkr
==============================================================================

BetSameGapTrend#4
  fold 1: blocks=88 block=0.9091->0.9091 delta=+0.00000000pp Z=+2.2225->+2.2225
  fold 2: blocks=87 block=0.8851->0.8966 delta=+0.00000180pp Z=+3.7315->+3.7651
  fold 3: blocks=88 block=0.8636->0.8523 delta=-0.00000081pp Z=+3.5094->+3.4942
  fold 4: blocks=87 block=0.8391->0.8506 delta=+0.00000025pp Z=+2.8831->+2.8877
  fold 5: blocks=88 block=0.8864->0.8864 delta=+0.00000000pp Z=+3.1052->+3.1052

BetSameGapTrend#8
  fold 1: blocks=87 block=0.9080->0.9080 delta=+0.00000000pp Z=+2.2216->+2.2216
  fold 2: blocks=87 block=0.8736->0.8851 delta=+0.00000320pp Z=+3.6640->+3.7237
  fold 3: blocks=87 block=0.8736->0.8736 delta=+0.00000020pp Z=+3.5370->+3.5408
  fold 4: blocks=87 block=0.8391->0.8506 delta=+0.00000025pp Z=+2.8831->+2.8877
  fold 5: blocks=88 block=0.8864->0.8864 delta=+0.00000000pp Z=+3.1052->+3.1052

==============================================================================
Quant IDQE
/data/jwc/Documents/Trackers/Quant_IDQE.tkr
==============================================================================

BetSameGapTrend#4
  fold 1: blocks=88 block=0.8409->0.8295 delta=-0.00000199pp Z=+2.5967->+2.5594
  fold 2: blocks=87 block=0.8621->0.8736 delta=+0.00000139pp Z=+2.5723->+2.5983
  fold 3: blocks=88 block=0.8295->0.7955 delta=-0.00000428pp Z=+1.8659->+1.7855
  fold 4: blocks=87 block=0.8736->0.8621 delta=-0.00000192pp Z=+3.8204->+3.7846
  fold 5: blocks=88 block=0.8636->0.8977 delta=+0.00000258pp Z=+2.7476->+2.7961

BetSameGapTrend#8
  fold 1: blocks=87 block=0.8391->0.8276 delta=-0.00000201pp Z=+2.5031->+2.4655
  fold 2: blocks=87 block=0.8621->0.8736 delta=+0.00000139pp Z=+2.6005->+2.6265
  fold 3: blocks=87 block=0.8276->0.8046 delta=-0.00000263pp Z=+1.8367->+1.7876
  fold 4: blocks=87 block=0.8736->0.8506 delta=-0.00000230pp Z=+3.8204->+3.7775
  fold 5: blocks=88 block=0.8636->0.9091 delta=+0.00000290pp Z=+2.7476->+2.8021

Control trials: 10000
Control seed:   20260902

==============================================================================
WALK-FORWARD + CIRCULAR-SHIFT CONTROL SUMMARY
==============================================================================
   Tracker            Metric  Folds  PositiveBlockDecisionFolds  PositiveRealizedFolds  MeanBaselineBlockAccuracy  MeanCandidateBlockAccuracy  MeanBlockAccuracyDelta  MeanBaselineRealizedAccuracy  MeanCandidateRealizedAccuracy  MeanRealizedAccuracyDelta  MedianRealizedAccuracyDelta  WorstRealizedAccuracyDelta  BestRealizedAccuracyDelta  CandidateAbove50Folds  TotalEvaluatedFlips  CumulativeBaselineAccuracy  CumulativeCandidateAccuracy  CumulativeAccuracyDelta  CumulativeBaselineZ  CumulativeCandidateZ  MeanBaselineCorr  MeanCandidateCorr  BlockControlTrials  ObservedBaselineZ  BlockControlBaselineMeanZ  BlockControlBaselineStdZ  BlockControlBaseline95PctZ  BlockEmpiricalBaselineP  ObservedCandidateZ  BlockControlCandidateMeanZ  BlockControlCandidateStdZ  BlockControlCandidate95PctZ  BlockEmpiricalCandidateP  ObservedAccuracyDelta  BlockControlDeltaMean  BlockControlDeltaStd  BlockControlDelta95Pct  BlockEmpiricalDeltaP
  Crypto 3 BetSameGapTrend#4      5                           3                      3                 0.84916405                  0.86052769             0.011363636                     50.000161                      50.000165              4.0773441e-06                5.3946855e-06              -2.9257993e-06                1.05618e-05                      5        4380000000000                   50.000161                    50.000165            4.0903254e-06             6.732627             6.9038353        0.90596078         0.91074102               10000           6.732627                 0.13930871                0.72322027                   1.3284576            9.9990001e-05           6.9038353                  0.17834106                 0.71715251                    1.3584626             9.9990001e-05          4.0903254e-06          9.3251874e-07         3.7832066e-06           6.9915601e-06            0.20237976
  Crypto 3 BetSameGapTrend#8      5                           4                      4                  0.8484326                  0.86909613             0.020663532                     50.000161                      50.000166              5.4728555e-06                7.4405864e-06              -7.8120411e-07              1.1600459e-05                      5        4360000000000                   50.000161                    50.000166            5.4633373e-06            6.7167288             6.9448845        0.90609972         0.91113321               10000          6.7167288                 0.17700924                0.71252654                   1.3480134            9.9990001e-05           6.9448845                  0.24282015                  0.7285571                    1.4311005             9.9990001e-05          5.4633373e-06          1.5758853e-06         3.1812906e-06           6.9346508e-06            0.11518848
 Random SD BetSameGapTrend#4      5                           1                      1                 0.87445141                  0.87445141                       0                     50.000149                      50.000149             -2.8400819e-07                            0              -2.7287874e-06              3.9797742e-06                      5        4380000000000                    50.00015                    50.000149           -2.8530503e-07            6.2606851             6.2487431         0.8890838          0.8912537               10000          6.2606851                  1.2570418                0.57804443                   2.2009477            9.9990001e-05           6.2487431                   1.1788302                  0.5887783                    2.1408569             9.9990001e-05         -2.8530503e-07         -1.8685475e-06         1.5474834e-06           7.1654536e-07            0.15688431
 Random SD BetSameGapTrend#8      5                           3                      4                 0.87607106                  0.88759143             0.011520376                      50.00015                      50.000151              9.2227814e-07                1.5732242e-06              -2.7287874e-06              3.4744645e-06                      5        4360000000000                    50.00015                    50.000151            9.1390415e-07            6.2750899             6.3132556        0.89076663         0.89182167               10000          6.2750899                  1.1967167                0.58603011                   2.1615144            9.9990001e-05           6.3132556                   1.1096831                 0.59618525                     2.096036             9.9990001e-05          9.1390415e-07         -2.0840762e-06         3.3670171e-06           3.4105914e-06            0.18918108
     Quant BetSameGapTrend#4      5                           2                      2                 0.87664577                  0.87897074            0.0023249739                     50.000165                      50.000165              2.4770277e-07                            0              -8.0875517e-07              1.8016749e-06                      5        4380000000000                   50.000165                    50.000165             2.441597e-07            6.9091231             6.9193429        0.90675046         0.90907259               10000          6.9091231                  1.1050645                0.64116964                   2.1726896            9.9990001e-05           6.9193429                    1.048641                 0.64471195                    2.1243559             9.9990001e-05           2.441597e-07         -1.3480102e-06          2.300756e-06           2.4476828e-06            0.25337466
     Quant BetSameGapTrend#8      5                           2                      3                  0.8761233                    0.880721            0.0045977011                     50.000165                      50.000166              7.2956333e-07                2.0156038e-07                           0              3.2006621e-06                      5        4360000000000                   50.000165                    50.000166            7.2789001e-07            6.8920295             6.9224271        0.90550936         0.90730882               10000          6.8920295                  1.1211985                0.64676642                   2.1729898            9.9990001e-05           6.9224271                   1.0546665                 0.63697582                    2.0939972             9.9990001e-05          7.2789001e-07         -1.5931528e-06         2.6212136e-06            2.719916e-06            0.18878112
Quant IDQE BetSameGapTrend#4      5                           2                      2                 0.85394462                  0.85167189           -0.0022727273                     50.000145                      50.000145             -8.4243314e-07                -1.917116e-06               -4.282279e-06              2.5837125e-06                      5        4380000000000                   50.000145                    50.000144           -8.4508022e-07            6.0809585             6.0455861        0.89296623         0.89510712               10000          6.0809585                 0.51813821                0.63083328                   1.5609343            9.9990001e-05           6.0455861                  0.47546045                 0.63036944                    1.5061513             9.9990001e-05         -8.4508022e-07          -1.019611e-06         2.5140589e-06           3.0699473e-06            0.47565243
Quant IDQE BetSameGapTrend#8      5                           2                      2                 0.85318704                  0.85308255          -0.00010449321                     50.000145                      50.000144             -5.2927442e-07               -2.0110119e-06              -2.6322644e-06              2.9029274e-06                      5        4360000000000                   50.000145                    50.000144           -5.2140239e-07             6.041173             6.0193986        0.89178375          0.8941671               10000           6.041173                 0.52151999                0.63474648                   1.5695685            9.9990001e-05           6.0193986                  0.48707816                 0.62896196                    1.5208527             9.9990001e-05         -5.2140239e-07         -8.2473223e-07         2.8732643e-06           3.8902569e-06            0.46045395

==============================================================================
ALL FOLDS
==============================================================================
   Tracker            Metric  Fold  Lag  TrainRows  TestRows     TestBegin       TestEnd   BaselineMSE  CandidateMSE  ImprovementPct  BaselineCorr  CandidateCorr  BaselineCorrectBlocks  CandidateCorrectBlocks  BaselineBlockAccuracy  CandidateBlockAccuracy  BlockAccuracyDelta  BaselineRealizedEdge  CandidateRealizedEdge  RealizedEdgeDelta  BaselineRealizedAccuracy  CandidateRealizedAccuracy  RealizedAccuracyDelta  BaselineCorrectFlips  CandidateCorrectFlips   TotalFlips  BaselineZ  CandidateZ  StateCoefficient
  Crypto 3 BetSameGapTrend#4     1    1        437        88 4520000000000 5390000000000 1.0106375e-08 9.5218714e-09       5.7835164    0.90354985     0.91059495                     77                      80                  0.875              0.90909091         0.034090909         0.00017357364          0.00018092967      7.3560343e-06                 50.000174                  50.000181          7.3560343e-06         4.4000153e+11          4.4000159e+11 880000000000  3.2565302   3.3945416        0.19297397
  Crypto 3 BetSameGapTrend#4     2    1        525        87 5400000000000 6260000000000 6.5938798e-09 6.3918148e-09       3.0644313    0.96102553     0.96231082                     75                      73             0.86206897              0.83908046        -0.022988506         0.00022152004          0.00021859424     -2.9257993e-06                 50.000222                  50.000219         -2.9257993e-06         4.3500193e+11           4.350019e+11 870000000000  4.1324028   4.0778227        0.21353295
  Crypto 3 BetSameGapTrend#4     3    1        612        88 6270000000000 7140000000000 8.5542875e-09 8.4561333e-09       1.1474271    0.80593141     0.81179572                     71                      73             0.80681818              0.82954545         0.022727273         0.00010540885          0.00011597065        1.05618e-05                 50.000105                  50.000116            1.05618e-05         4.4000093e+11          4.4000102e+11 880000000000  1.9776453   2.1758023        0.20348279
  Crypto 3 BetSameGapTrend#4     4    1        700        87 7150000000000 8010000000000 7.0811791e-09 6.4946413e-09       8.2830528    0.91308183     0.92140827                     67                      69             0.77011494              0.79310345         0.022988506         0.00013124053          0.00013663521      5.3946855e-06                 50.000131                  50.000137          5.3946855e-06         4.3500114e+11          4.3500119e+11 870000000000  2.4482603   2.5488969        0.19555521
  Crypto 3 BetSameGapTrend#4     5    1        787        88 8020000000000 8890000000000 5.2097514e-09 5.0833509e-09       2.4262293    0.94621528     0.94759534                     82                      82             0.93181818              0.93181818                   0         0.00017285333          0.00017285333                  0                 50.000173                  50.000173                      0         4.4000152e+11          4.4000152e+11 880000000000  3.2430159   3.2430159        0.20356925
  Crypto 3 BetSameGapTrend#8     1    1        435        87 4540000000000 5400000000000 1.0269544e-08 1.0171663e-08      0.95312212    0.90469099     0.90700796                     76                      79             0.87356322              0.90804598         0.034482759         0.00017796874          0.00018540932      7.4405864e-06                 50.000178                  50.000185          7.4405864e-06         4.3500155e+11          4.3500161e+11 870000000000  3.3199637   3.4587661        0.12610864
  Crypto 3 BetSameGapTrend#8     2    1        522        87 5410000000000 6270000000000 6.5401757e-09 6.1528224e-09       5.9226752    0.95998632     0.96232098                     75                      74             0.86206897              0.85057471        -0.011494253         0.00021582714          0.00021504593     -7.8120412e-07                 50.000216                  50.000215         -7.8120411e-07         4.3500188e+11          4.3500187e+11 870000000000   4.026203   4.0116298        0.12478176
  Crypto 3 BetSameGapTrend#8     3    1        609        87 6280000000000 7140000000000 8.6224072e-09 8.3336996e-09       3.3483417    0.80652419      0.8165892                     70                      73              0.8045977              0.83908046         0.034482759         0.00010615457          0.00011775503      1.1600459e-05                 50.000106                  50.000118          1.1600459e-05         4.3500092e+11          4.3500102e+11 870000000000  1.9802879   2.1966916        0.12974536
  Crypto 3 BetSameGapTrend#8     4    1        696        87 7150000000000 8010000000000 7.0817289e-09 6.4661207e-09       8.6929093    0.91308183     0.92209776                     67                      70             0.77011494               0.8045977         0.034482759         0.00013124053          0.00013902208      7.7815532e-06                 50.000131                  50.000139          7.7815532e-06         4.3500114e+11          4.3500121e+11 870000000000  2.4482603   2.5934233        0.13463252
  Crypto 3 BetSameGapTrend#8     5    1        783        88 8020000000000 8890000000000 5.2095546e-09 5.0793613e-09       2.4991252    0.94621528     0.94765018                     82                      83             0.93181818              0.94318182         0.011363636         0.00017285333          0.00017417621      1.3228837e-06                 50.000173                  50.000174          1.3228837e-06         4.4000152e+11          4.4000153e+11 880000000000  3.2430159   3.2678354        0.14567862
 Random SD BetSameGapTrend#4     1    1        437        88 4520000000000 5390000000000 5.8722716e-09 5.8181044e-09      0.92242379    0.84254444     0.84509521                     71                      71             0.80681818              0.80681818                   0         0.00013450451          0.00013183348     -2.6710277e-06                 50.000135                  50.000132         -2.6710278e-06         4.4000118e+11          4.4000116e+11 880000000000  2.5235283   2.4734153        0.15949804
 Random SD BetSameGapTrend#4     2    1        525        87 5400000000000 6260000000000 4.9603135e-09 4.6669726e-09       5.9137585    0.92553191     0.93017887                     78                      78             0.89655172              0.89655172                   0         0.00016250485          0.00016250485                  0                 50.000163                  50.000163                      0         4.3500141e+11          4.3500141e+11 870000000000  3.0314887   3.0314887        0.15027876
 Random SD BetSameGapTrend#4     3    1        612        88 6270000000000 7140000000000  6.873036e-09 6.5616478e-09       4.5305778    0.94565096     0.94838408                     79                      80             0.89772727              0.90909091         0.011363636         0.00020139621          0.00020537599      3.9797742e-06                 50.000201                  50.000205          3.9797742e-06         4.4000177e+11          4.4000181e+11 880000000000  3.7785279    3.853195        0.16113602
 Random SD BetSameGapTrend#4     4    1        700        87 7150000000000 8010000000000   4.13484e-09 4.4339662e-09       -7.234287    0.86457383     0.85764068                     75                      75             0.86206897              0.86206897                   0         9.4542245e-05          9.4542245e-05                  0                 50.000095                  50.000095                      0         4.3500082e+11          4.3500082e+11 870000000000  1.7636627   1.7636627         0.1695654
 Random SD BetSameGapTrend#4     5    1        787        88 8020000000000 8890000000000 7.5950537e-09  7.223595e-09       4.8907982    0.86711785     0.87496964                     80                      79             0.90909091              0.89772727        -0.011363636         0.00015444154          0.00015171275     -2.7287874e-06                 50.000154                  50.000152         -2.7287874e-06         4.4000136e+11          4.4000134e+11 880000000000  2.8975801   2.8463835        0.14987538
 Random SD BetSameGapTrend#8     1    1        435        87 4540000000000 5400000000000 5.9653821e-09 5.7260785e-09       4.0115372    0.84909395     0.85790302                     71                      75             0.81609195              0.86206897         0.045977011         0.00013886036          0.00014109497      2.2346187e-06                 50.000139                  50.000141          2.2346187e-06         4.3500121e+11          4.3500123e+11 870000000000  2.5904063   2.6320926        0.14863508
 Random SD BetSameGapTrend#8     2    1        522        87 5410000000000 6270000000000  4.847569e-09 4.7578607e-09       1.8505843    0.92720482     0.92875048                     78                      78             0.89655172              0.89655172                   0         0.00016037322          0.00016043109      5.7870628e-08                  50.00016                   50.00016          5.7870629e-08          4.350014e+11           4.350014e+11 870000000000  2.9917237   2.9928032        0.14590402
 Random SD BetSameGapTrend#8     3    1        609        87 6280000000000 7140000000000 6.9281167e-09 6.5664167e-09       5.2207552    0.94584271     0.94904849                     78                      79             0.89655172              0.90804598         0.011494253         0.00020304034           0.0002065148      3.4744645e-06                 50.000203                  50.000207          3.4744645e-06         4.3500177e+11           4.350018e+11 870000000000  3.7876684   3.8524837        0.14154588
 Random SD BetSameGapTrend#8     4    1        696        87 7150000000000 8010000000000 4.1380161e-09 4.5731011e-09      -10.514338    0.86457383     0.85178947                     75                      76             0.86206897              0.87356322         0.011494253         9.4542245e-05           9.611547e-05      1.5732242e-06                 50.000095                  50.000096          1.5732242e-06         4.3500082e+11          4.3500084e+11 870000000000  1.7636627   1.7930108        0.14647586
 Random SD BetSameGapTrend#8     5    1        783        88 8020000000000 8890000000000 7.6009782e-09 7.4493139e-09        1.995327    0.86711785     0.87161691                     80                      79             0.90909091              0.89772727        -0.011363636         0.00015444154          0.00015171275     -2.7287874e-06                 50.000154                  50.000152         -2.7287874e-06         4.4000136e+11          4.4000134e+11 880000000000  2.8975801   2.8463835        0.12794421
     Quant BetSameGapTrend#4     1    1        437        88 4520000000000 5390000000000 5.6930577e-09  5.586177e-09       1.8773854    0.85747878      0.8612693                     80                      80             0.90909091              0.90909091                   0          0.0001184622           0.0001184622                  0                 50.000118                  50.000118                      0         4.4000104e+11          4.4000104e+11 880000000000  2.2225478   2.2225478        0.14956683
     Quant BetSameGapTrend#4     2    1        525        87 5400000000000 6260000000000 6.5492568e-09 5.9781334e-09       8.7204298    0.93874562      0.9446454                     77                      78             0.88505747              0.89655172         0.011494253         0.00020002715          0.00020182883      1.8016749e-06                   50.0002                  50.000202          1.8016749e-06         4.3500174e+11          4.3500176e+11 870000000000  3.7314581   3.7650679        0.14847093
     Quant BetSameGapTrend#4     3    1        612        88 6270000000000 7140000000000 7.3553838e-09 6.3801844e-09       13.258308    0.93505944     0.94413223                     76                      75             0.86363636              0.85227273        -0.011363636         0.00018705273          0.00018624397     -8.0875518e-07                 50.000187                  50.000186         -8.0875517e-07         4.4000165e+11          4.4000164e+11 880000000000  3.5094202   3.4942466        0.17164336
     Quant BetSameGapTrend#4     4    1        700        87 7150000000000 8010000000000 6.4949649e-09 7.3674862e-09       -13.43381    0.90572455     0.89474787                     73                      74             0.83908046              0.85057471         0.011494253         0.00015455253          0.00015479813      2.4559414e-07                 50.000155                  50.000155          2.4559414e-07         4.3500134e+11          4.3500135e+11 870000000000  2.8831401   2.8877216        0.20340187
     Quant BetSameGapTrend#4     5    1        787        88 8020000000000 8890000000000 8.2430567e-09 8.0535717e-09       2.2987222     0.8967439     0.90056813                     78                      78             0.88636364              0.88636364                   0          0.0001655099           0.0001655099                  0                 50.000166                  50.000166                      0         4.4000146e+11          4.4000146e+11 880000000000   3.105241    3.105241        0.16442942
     Quant BetSameGapTrend#8     1    1        435        87 4540000000000 5400000000000  5.871436e-09  5.801478e-09       1.1914961     0.8501756     0.85422011                     79                      79             0.90804598              0.90804598                   0         0.00011908761          0.00011908761                  0                 50.000119                  50.000119                      0         4.3500104e+11          4.3500104e+11 870000000000  2.2215505   2.2215505        0.13331228
     Quant BetSameGapTrend#8     2    1        522        87 5410000000000 6270000000000 6.4858967e-09 5.8252923e-09       10.185244    0.93885581     0.94564076                     76                      77             0.87356322              0.88505747         0.011494253         0.00019641179          0.00019961245      3.2006621e-06                 50.000196                    50.0002          3.2006621e-06         4.3500171e+11          4.3500174e+11 870000000000  3.6640144   3.7237219        0.12925911
     Quant BetSameGapTrend#8     3    1        609        87 6280000000000 7140000000000 7.3224782e-09 6.2735907e-09       14.324214    0.93604692     0.94592206                     76                      76             0.87356322              0.87356322                   0         0.00018960359          0.00018980515      2.0156038e-07                  50.00019                   50.00019          2.0156038e-07         4.3500165e+11          4.3500165e+11 870000000000   3.537009   3.5407691         0.1457705
     Quant BetSameGapTrend#8     4    1        696        87 7150000000000 8010000000000 6.4888346e-09 7.2752991e-09      -12.120273    0.90572455     0.89711279                     73                      74             0.83908046              0.85057471         0.011494253         0.00015455253          0.00015479813      2.4559414e-07                 50.000155                  50.000155          2.4559414e-07         4.3500134e+11          4.3500135e+11 870000000000  2.8831401   2.8877216        0.16864633
     Quant BetSameGapTrend#8     5    1        783        88 8020000000000 8890000000000  8.243251e-09 8.6275131e-09       -4.661535     0.8967439      0.8936484                     78                      78             0.88636364              0.88636364                   0          0.0001655099           0.0001655099                  0                 50.000166                  50.000166                      0         4.4000146e+11          4.4000146e+11 880000000000   3.105241    3.105241        0.14318084
Quant IDQE BetSameGapTrend#4     1    1        437        88 4520000000000 5390000000000 7.3237227e-09 7.3855754e-09     -0.84455306    0.89574602     0.89523107                     74                      73             0.84090909              0.82954545        -0.011363636           0.000138406          0.00013641784     -1.9881595e-06                 50.000138                  50.000136         -1.9881595e-06         4.4000122e+11           4.400012e+11 880000000000  2.5967267   2.5594255        0.09411269
Quant IDQE BetSameGapTrend#4     2    1        525        87 5400000000000 6260000000000 6.0428446e-09 5.9802973e-09       1.0350635    0.88473265      0.8862985                     75                      76             0.86206897              0.87356322         0.011494253         0.00013789218          0.00013928386      1.3916763e-06                 50.000138                  50.000139          1.3916763e-06          4.350012e+11          4.3500121e+11 870000000000  2.5723453   2.5983066       0.080593466
Quant IDQE BetSameGapTrend#4     3    1        612        88 6270000000000 7140000000000  7.055931e-09 6.9823061e-09       1.0434474    0.83050325     0.83260264                     73                      70             0.82954545              0.79545455        -0.034090909         9.9450393e-05          9.5168114e-05      -4.282279e-06                 50.000099                  50.000095          -4.282279e-06         4.4000088e+11          4.4000084e+11 880000000000  1.8658548   1.7855121       0.084160332
Quant IDQE BetSameGapTrend#4     4    1        700        87 7150000000000 8010000000000 9.7581859e-09 9.4356491e-09       3.3052949    0.94263424     0.94474305                     76                      75             0.87356322              0.86206897        -0.011494253         0.00020479404          0.00020287692      -1.917116e-06                 50.000205                  50.000203          -1.917116e-06         4.3500178e+11          4.3500177e+11 870000000000  3.8203832   3.7846199       0.085034135
Quant IDQE BetSameGapTrend#4     5    1        787        88 8020000000000 8890000000000 5.6394635e-09 5.3196925e-09       5.6702394    0.91121497     0.91666034                     76                      79             0.86363636              0.89772727         0.034090909         0.00014644833          0.00014903205      2.5837125e-06                 50.000146                  50.000149          2.5837125e-06         4.4000129e+11          4.4000131e+11 880000000000  2.7476143    2.796089        0.10981657
Quant IDQE BetSameGapTrend#8     1    1        435        87 4540000000000 5400000000000 7.4252804e-09 7.4077839e-09      0.23563452    0.88938496     0.89039806                     73                      72             0.83908046              0.82758621        -0.011494253         0.00013417775          0.00013216674     -2.0110119e-06                 50.000134                  50.000132         -2.0110119e-06         4.3500117e+11          4.3500115e+11 870000000000  2.5030535   2.4655386       0.082435033
Quant IDQE BetSameGapTrend#8     2    1        522        87 5410000000000 6270000000000 6.0271466e-09 5.9930472e-09      0.56576389    0.88737895     0.88846731                     75                      76             0.86206897              0.87356322         0.011494253         0.00013940117          0.00014079284      1.3916763e-06                 50.000139                  50.000141          1.3916763e-06         4.3500121e+11          4.3500122e+11 870000000000   2.600495   2.6264564       0.080039184
Quant IDQE BetSameGapTrend#8     3    1        609        87 6280000000000 7140000000000 7.1289814e-09 7.0875828e-09      0.58070892    0.82830561     0.82972129                     72                      70             0.82758621               0.8045977        -0.022988506         9.8457445e-05           9.582518e-05     -2.6322644e-06                 50.000098                  50.000096         -2.6322644e-06         4.3500086e+11          4.3500083e+11 870000000000  1.8366998   1.7875956       0.079743436
Quant IDQE BetSameGapTrend#8     4    1        696        87 7150000000000 8010000000000 9.7548191e-09 9.3549313e-09       4.0993874    0.94263424     0.94517216                     76                      74             0.87356322              0.85057471        -0.022988506         0.00020479404          0.00020249634     -2.2976995e-06                 50.000205                  50.000202         -2.2976995e-06         4.3500178e+11          4.3500176e+11 870000000000  3.8203832   3.7775202       0.076064144
Quant IDQE BetSameGapTrend#8     5    1        783        88 8020000000000 8890000000000 5.6391818e-09 5.3041558e-09       5.9410392    0.91121497     0.91707668                     76                      80             0.86363636              0.90909091         0.045454545         0.00014644833          0.00014935126      2.9029274e-06                 50.000146                  50.000149          2.9029274e-06         4.4000129e+11          4.4000131e+11 880000000000  2.7476143    2.802078         0.0990474
